-7.312501833333333	112.78889183333334	21.6
-7.312964333333333	112.7897865	15.4
-7.312993333333333	112.78979266666667	15.3
-7.313024	112.78979833333334	15.2
-7.313024	112.78979833333334	15.2
-7.3130555	112.78980466666667	15.0
-7.313088	112.7898115	14.9
-7.3131216666666665	112.7898185	14.7
-7.313156333333334	112.789826	14.6
-7.313156333333334	112.789826	14.6
-7.313191833333334	112.78983383333333	14.3
-7.3132285	112.78984216666667	14.1
-7.3132285	112.78984216666667	14.1
-7.313266333333333	112.78984966666667	13.8
-7.313266333333333	112.78984966666667	13.8
-7.313305	112.78985716666666	13.7
-7.3133436666666665	112.78986383333333	13.6
-7.3133436666666665	112.78986383333333	13.6
-7.313380833333333	112.7898705	13.5
-7.313449166666667	112.789884	13.0
-7.313449166666667	112.789884	13.0
-7.313480833333333	112.78989066666666	13.0
-7.313480833333333	112.78989066666666	13.0
-7.313510166666667	112.78989716666666	12.9
-7.313536	112.7899035	12.8
-7.313558666666666	112.78990866666666	12.7
-7.313558666666666	112.78990866666666	12.7
-7.313578833333334	112.78991266666667	12.6
-7.313597	112.78991633333334	12.4
-7.313614	112.7899205	12.4
-7.313630333333333	112.789924	12.3
-7.313630333333333	112.789924	12.3
-7.313646166666667	112.7899265	12.2
-7.313646166666667	112.7899265	12.2
-7.3136615	112.789929	12.1
-7.3136615	112.789929	12.1
-7.3136765	112.78993216666667	12.0
-7.3136765	112.78993216666667	12.0
-7.313691333333334	112.78993583333333	11.9
-7.313707	112.78993883333334	11.9
-7.313722333333334	112.78994166666666	11.8
-7.313722333333334	112.78994166666666	11.8
-7.3137375	112.78994466666667	11.7
-7.3137375	112.78994466666667	11.7
-7.3137525	112.78994716666666	11.6
-7.3137525	112.78994716666666	11.6
-7.3137525	112.78994716666666	11.6
-7.313766833333333	112.789951	11.4
-7.313766833333333	112.789951	11.4
-7.313766833333333	112.789951	11.4
-7.3137815	112.78995416666666	11.3
-7.3137815	112.78995416666666	11.3
-7.313796333333333	112.78995683333333	11.2
-7.313811	112.7899605	11.2
-7.313811	112.7899605	11.2
-7.313825666666666	112.78996433333333	11.1
-7.31384	112.7899675	10.9
-7.31384	112.7899675	10.9
-7.3138545	112.789969	10.9
-7.313869	112.789971	10.7
-7.313869	112.789971	10.7
-7.313883166666667	112.78997366666667	10.6
-7.313883166666667	112.78997366666667	10.6
-7.3138975	112.78997633333333	10.5
-7.3138975	112.78997633333333	10.5
-7.313925833333333	112.78997983333333	10.5
-7.31394	112.789982	10.5
-7.31394	112.789982	10.5
-7.313954333333333	112.78998433333334	10.4
-7.313954333333333	112.78998433333334	10.4
-7.3139685	112.78998633333333	10.4
-7.3139685	112.78998633333333	10.4
-7.313982666666667	112.789989	10.5
-7.313982666666667	112.789989	10.5
-7.313997	112.78999183333333	10.4
-7.313997	112.78999183333333	10.4
-7.3140115	112.789995	10.4
-7.3140263333333335	112.789998	10.4
-7.3140263333333335	112.789998	10.4
-7.3140426666666665	112.79000133333334	10.4
-7.3140426666666665	112.79000133333334	10.4
-7.314060333333333	112.790005	10.4
-7.314060333333333	112.790005	10.4
-7.3140798333333334	112.79000933333333	10.4
-7.3140798333333334	112.79000933333333	10.4
-7.314100666666667	112.79001316666667	10.4
-7.314122833333333	112.79001766666667	10.4
-7.314122833333333	112.79001766666667	10.4
-7.314171166666666	112.79002616666666	10.4
-7.314171166666666	112.79002616666666	10.4
-7.314197166666666	112.79003066666667	10.4
-7.314224	112.79003516666667	10.4
-7.3142515	112.7900405	10.4
-7.3142515	112.7900405	10.4
-7.314279166666667	112.79004583333334	10.4
-7.314305833333333	112.79005133333334	10.3
-7.314305833333333	112.79005133333334	10.3
-7.314330666666667	112.79005633333334	10.3
-7.314330666666667	112.79005633333334	10.3
-7.314354666666667	112.790061	10.3
-7.314379	112.790066	10.3
-7.314379	112.790066	10.3
-7.314403666666666	112.79007033333333	10.3
-7.3144285	112.79007516666667	10.2
-7.314453166666667	112.7900805	10.2
-7.3144775	112.7900855	10.3
-7.3144775	112.7900855	10.3
-7.3144775	112.7900855	10.3
-7.314501833333333	112.7900905	10.2
-7.314525833333334	112.790095	10.2
-7.314549166666667	112.790099	10.2
-7.314549166666667	112.790099	10.2
-7.314572	112.79010266666667	10.1
-7.314572	112.79010266666667	10.1
-7.314572	112.79010266666667	10.1
-7.314595	112.7901065	10.0
-7.314595	112.7901065	10.0
-7.314618666666667	112.790111	9.9.
-7.314618666666667	112.790111	9.9.
-7.3146431666666665	112.7901165	9.9.
-7.3146431666666665	112.7901165	9.9.
-7.3146431666666665	112.7901165	9.9.
-7.314668666666667	112.79012166666666	9.8.
-7.314694333333334	112.79012683333333	9.8.
-7.314694333333334	112.79012683333333	9.8.
-7.314719833333333	112.79013166666667	9.7.
-7.314719833333333	112.79013166666667	9.7.
-7.314719833333333	112.79013166666667	9.7.
-7.3147455	112.7901365	9.7.
-7.3147455	112.7901365	9.7.
-7.31477	112.7901405	9.7.
-7.3147926666666665	112.790145	9.5.
-7.3147926666666665	112.790145	9.5.
-7.314815	112.7901495	9.4.
-7.314837833333334	112.79015483333333	9.4.
-7.314837833333334	112.79015483333333	9.4.
-7.314837833333334	112.79015483333333	9.4.
-7.314860666666666	112.79015916666667	9.4.
-7.314860666666666	112.79015916666667	9.4.
-7.3148835	112.790164	9.4.
-7.3148835	112.790164	9.4.
-7.3149066666666664	112.79016866666667	9.4.
-7.3149066666666664	112.79016866666667	9.4.
-7.31493	112.79017333333333	9.4.
-7.31493	112.79017333333333	9.4.
-7.314953333333333	112.79017783333333	9.4.
-7.314953333333333	112.79017783333333	9.4.
-7.3149765	112.7901825	9.3.
-7.314999666666667	112.79018666666667	9.3.
-7.314999666666667	112.79018666666667	9.3.
-7.315022666666667	112.79019116666667	9.4.
-7.315022666666667	112.79019116666667	9.4.
-7.315022666666667	112.79019116666667	9.4.
-7.315046	112.7901955	9.3.
-7.315046	112.7901955	9.3.
-7.315069666666667	112.79019983333333	9.3.
-7.315093666666667	112.790204	9.3.
-7.315093666666667	112.790204	9.3.
-7.315117666666667	112.79020766666666	9.2.
-7.315117666666667	112.79020766666666	9.2.
-7.315117666666667	112.79020766666666	9.2.
-7.315117666666667	112.79020766666666	9.2.
-7.3151415	112.79021116666667	9.3.
-7.3151415	112.79021116666667	9.3.
-7.3151415	112.79021116666667	9.3.
-7.3151655	112.79021516666667	9.3.
-7.315189666666667	112.790219	9.3.
-7.315213833333333	112.7902235	9.3.
-7.3152375	112.79022816666667	9.3.
-7.3152375	112.79022816666667	9.3.
-7.315261666666666	112.790233	9.6.
-7.315261666666666	112.790233	9.6.
-7.315285333333334	112.7902375	9.5.
-7.315309166666666	112.79024183333334	9.4.
-7.315309166666666	112.79024183333334	9.4.
-7.315334333333333	112.7902455	9.3.
-7.315334333333333	112.7902455	9.3.
-7.315360166666666	112.79025033333333	9.3.
-7.315360166666666	112.79025033333333	9.3.
-7.315411833333333	112.79026116666667	9.3.
-7.315437	112.79026566666667	9.2.
-7.315437	112.79026566666667	9.2.
-7.315462166666666	112.79027	9.2.
-7.315486333333333	112.79027416666666	9.2.
-7.315486333333333	112.79027416666666	9.2.
-7.315486333333333	112.79027416666666	9.2.
-7.3155095	112.79027766666667	9.2.
-7.3155095	112.79027766666667	9.2.
-7.3155315	112.7902815	9.3.
-7.3155315	112.7902815	9.3.
-7.3155525	112.79028516666666	9.3.
-7.3155525	112.79028516666666	9.3.
-7.315775666666666	112.790332	9.3.
-7.315775666666666	112.790332	9.3.
-7.315775666666666	112.790332	9.3.
-7.315791333333333	112.7903385	9.4.
-7.315791333333333	112.7903385	9.4.
-7.315791333333333	112.7903385	9.4.
-7.315804833333333	112.790346	9.4.
-7.315815	112.79035466666667	9.4.
-7.315815	112.79035466666667	9.4.
-7.315822333333333	112.790363	9.3.
-7.315826666666666	112.79036866666667	9.4.
-7.315826666666666	112.79036866666667	9.4.
-7.315826666666666	112.79036866666667	9.4.
-7.3158275	112.790371	9.4.
-7.3158275	112.790371	9.4.
-7.315827333333333	112.79037183333334	9.3.
-7.315827333333333	112.79037183333334	9.3.
-7.315827333333333	112.79037183333334	9.3.
-7.315826833333333	112.79037233333334	9.3.
-7.3158245	112.79037	9.3.
-7.3158245	112.79037	9.3.
-7.315819666666667	112.7903635	9.3.
-7.315819666666667	112.7903635	9.3.
-7.315813166666667	112.79035633333334	9.3.
-7.315813166666667	112.79035633333334	9.3.
-7.3158065	112.79035016666667	9.2.
-7.3158065	112.79035016666667	9.2.
-7.3158065	112.79035016666667	9.2.
-7.315797833333334	112.79034566666667	9.1.
-7.315796833333334	112.79034516666667	9.1.
-7.315797	112.790345	9.0.
-7.315797	112.790345	9.0.
-7.315801	112.79034583333333	9.0.
-7.3158115	112.79034816666666	8.9.
-7.3158115	112.79034816666666	8.9.
-7.3158285	112.79035016666667	8.8.
-7.3158285	112.79035016666667	8.8.
-7.315850166666666	112.79035183333333	8.7.
-7.315850166666666	112.79035183333333	8.7.
-7.315850166666666	112.79035183333333	8.7.
-7.315875166666666	112.79035466666667	8.7.
-7.315875166666666	112.79035466666667	8.7.
-7.315902333333334	112.79035816666666	8.7.
-7.315902333333334	112.79035816666666	8.7.
-7.315929166666667	112.790362	8.8.
-7.315929166666667	112.790362	8.8.
-7.315929166666667	112.790362	8.8.
-7.315955333333333	112.79036483333333	8.6.
-7.315955333333333	112.79036483333333	8.6.
-7.315980333333333	112.79036766666667	8.5.
-7.315980333333333	112.79036766666667	8.5.
-7.316005	112.79037083333333	8.5.
-7.3160305	112.79037416666667	8.7.
-7.3160305	112.79037416666667	8.7.
-7.316057	112.79037816666667	8.7.
-7.316057	112.79037816666667	8.7.
-7.316085	112.79038383333334	8.7.
-7.316085	112.79038383333334	8.7.
-7.316085	112.79038383333334	8.7.
-7.316112833333333	112.79039016666667	8.7.
-7.316112833333333	112.79039016666667	8.7.
-7.3161388333333335	112.79039566666667	8.8.
-7.3161388333333335	112.79039566666667	8.8.
-7.316164	112.79040116666667	8.8.
-7.316164	112.79040116666667	8.8.
-7.316188833333333	112.79040733333333	8.9.
-7.316211833333333	112.7904125	8.9.
-7.3162325	112.79041666666667	8.9.
-7.3162325	112.79041666666667	8.9.
-7.3162325	112.79041666666667	8.9.
-7.316252	112.7904205	8.8.
-7.316271	112.790425	8.5.
-7.31629	112.790432	8.3.
-7.316309	112.79044266666666	8.2.
-7.316313833333333	112.79071716666667	8.5.
-7.316313833333333	112.79071716666667	8.5.
-7.316308	112.790754	8.6.
-7.316308	112.790754	8.6.
-7.316301833333333	112.79079266666666	8.8.
-7.316294833333333	112.7908325	8.9.
-7.316294833333333	112.7908325	8.9.
-7.316287	112.79087233333334	9.0.
-7.316287	112.79087233333334	9.0.
-7.316278333333333	112.79091233333334	9.1.
-7.316268833333333	112.79095266666667	9.3.
-7.316258833333333	112.79099366666667	9.3.
-7.316249	112.791035	9.4.
-7.316249	112.791035	9.4.
-7.316239833333333	112.7910765	9.5.
-7.316239833333333	112.7910765	9.5.
-7.316222166666667	112.79115666666667	9.8.
-7.316222166666667	112.79115666666667	9.8.
-7.316214333333333	112.79119366666667	9.9.
-7.316214333333333	112.79119366666667	9.9.
-7.316214333333333	112.79119366666667	9.9.
-7.316206833333333	112.791229	10.0
-7.316206833333333	112.791229	10.0
-7.3162001666666665	112.79126233333334	10.0
-7.3162001666666665	112.79126233333334	10.0
-7.3161933333333335	112.79129533333334	10.1
-7.3161933333333335	112.79129533333334	10.1
-7.3161865	112.79132916666667	10.2
-7.3161865	112.79132916666667	10.2
-7.3161865	112.79132916666667	10.2
-7.316179333333333	112.79136333333334	10.5
-7.316172166666667	112.79139783333333	10.6
-7.316172166666667	112.79139783333333	10.6
-7.316164666666666	112.79143216666667	10.7
-7.316164666666666	112.79143216666667	10.7
-7.316164666666666	112.79143216666667	10.7
-7.316164666666666	112.79143216666667	10.7
-7.3161575	112.7914655	10.9
-7.3161575	112.7914655	10.9
-7.316151166666667	112.79149766666667	11.0
-7.316151166666667	112.79149766666667	11.0
-7.316151166666667	112.79149766666667	11.0
-7.316145	112.79152916666666	11.1
-7.316145	112.79152916666666	11.1
-7.3161385	112.79156066666667	11.2
-7.3161385	112.79156066666667	11.2
-7.316132333333333	112.791592	11.2
-7.316132333333333	112.791592	11.2
-7.316132333333333	112.791592	11.2
-7.316126	112.79162366666667	11.3
-7.316126	112.79162366666667	11.3
-7.316126	112.79162366666667	11.3
-7.31612	112.79165516666667	11.3
-7.31612	112.79165516666667	11.3
-7.31612	112.79165516666667	11.3
-7.316113166666667	112.79168683333333	11.4
-7.316113166666667	112.79168683333333	11.4
-7.316113166666667	112.79168683333333	11.4
-7.316106	112.79171866666667	11.6
-7.316106	112.79171866666667	11.6
-7.316098666666667	112.79175066666667	11.8
-7.316098666666667	112.79175066666667	11.8
-7.316092	112.79178266666666	11.9
-7.3160853333333336	112.79181466666667	12.0
-7.3160853333333336	112.79181466666667	12.0
-7.3160785	112.79184683333334	12.2
-7.3160785	112.79184683333334	12.2
-7.3160785	112.79184683333334	12.2
-7.3160785	112.79184683333334	12.2
-7.316071666666667	112.79187916666666	12.3
-7.3160655	112.79191133333333	12.4
-7.3160655	112.79191133333333	12.4
-7.316059	112.79194366666667	12.5
-7.316059	112.79194366666667	12.5
-7.316059	112.79194366666667	12.5
-7.3160525	112.79197633333334	12.6
-7.3160525	112.79197633333334	12.6
-7.316046166666666	112.792009	12.7
-7.316046166666666	112.792009	12.7
-7.316039666666667	112.79204133333333	12.7
-7.3160335	112.79207333333333	12.8
-7.3160335	112.79207333333333	12.8
-7.316027666666667	112.79210466666666	12.8
-7.3160215	112.79213466666667	12.7
-7.3160215	112.79213466666667	12.7
-7.316015666666667	112.7921635	12.7
-7.316015666666667	112.7921635	12.7
-7.3160058333333335	112.79221883333334	12.5
-7.3160058333333335	112.79221883333334	12.5
-7.316001	112.79224716666667	12.7
-7.316001	112.79224716666667	12.7
-7.315995833333333	112.79227633333333	12.7
-7.315995833333333	112.79227633333333	12.7
-7.315989666666667	112.79230633333333	12.8
-7.315982666666667	112.792337	13.0
-7.315982666666667	112.792337	13.0
-7.315975833333333	112.79236766666666	13.1
-7.315969	112.79239933333334	13.2
-7.315961833333334	112.792431	13.2
-7.315961833333334	112.792431	13.2
-7.3159545	112.79246266666667	13.3
-7.3159475	112.79249466666667	13.4
-7.3159475	112.79249466666667	13.4
-7.315940333333334	112.79252666666666	13.5
-7.3159335	112.79255816666667	13.6
-7.3159335	112.79255816666667	13.6
-7.3159271666666665	112.7925895	13.6
-7.3159271666666665	112.7925895	13.6
-7.315921	112.79262116666666	13.7
-7.315921	112.79262116666666	13.7
-7.315921	112.79262116666666	13.7
-7.315921	112.79262116666666	13.7
-7.315915166666667	112.79265316666667	13.7
-7.315915166666667	112.79265316666667	13.7
-7.315915166666667	112.79265316666667	13.7
-7.315908833333333	112.792685	13.8
-7.315908833333333	112.792685	13.8
-7.3159025	112.7927165	13.9
-7.3159025	112.7927165	13.9
-7.315896	112.79274783333334	13.9
-7.315889833333333	112.7927795	13.9
-7.315889833333333	112.7927795	13.9
-7.315883833333333	112.79281133333333	13.9
-7.315877833333333	112.792843	14.0
-7.3158725	112.79287433333333	14.0
-7.315866833333334	112.79290516666667	14.1
-7.315861	112.79293616666666	14.2
-7.315861	112.79293616666666	14.2
-7.315836333333333	112.79305866666667	14.5
-7.31583	112.793088	14.6
-7.315823833333333	112.79311683333333	14.6
-7.315817666666667	112.793145	14.6
-7.315817666666667	112.793145	14.6
-7.315706666666666	112.79366883333333	17.3
-7.315700166666667	112.793692	17.6
-7.315699333333334	112.79369366666667	17.8
-7.315698833333333	112.793694	18.0
-7.315697833333333	112.7936945	18.2
-7.315700333333333	112.79370333333334	20.0
-7.3157005	112.79370316666666	20.1
-7.3157005	112.793703	20.2
-7.315700333333333	112.79370316666666	20.3
-7.315700166666667	112.793703	20.5
-7.315699833333333	112.79370266666666	20.6
-7.315699833333333	112.79370233333333	20.8
-7.315699833333333	112.79370233333333	20.8
-7.315699833333333	112.793702	20.9
-7.315699833333333	112.793702	20.9
-7.315699666666666	112.79370166666666	21.1
-7.315699333333334	112.7937015	21.1
-7.315699333333334	112.7937015	21.1
-7.315699333333334	112.79370133333333	21.4
-7.315699333333334	112.79370116666666	21.6
-7.315699166666667	112.79370083333333	21.9
-7.315699166666667	112.79370083333333	21.9
-7.315699	112.79370033333333	22.2
-7.315699	112.79370033333333	22.2
-7.315698666666667	112.7937	22.4
-7.3156985	112.79369966666667	22.7
-7.3156985	112.79369933333334	22.8
-7.315698333333334	112.793699	22.7
-7.315698333333334	112.79369866666667	22.7
-7.3156985	112.79369833333334	22.7
-7.3156985	112.79369883333334	22.6
-7.3156985	112.79369883333334	22.6
-7.315698333333334	112.79370083333333	22.6
-7.315698333333334	112.79370666666667	22.5
-7.315698	112.793717	22.4
-7.3156965	112.79373133333333	22.5
-7.315694	112.79374866666667	22.7
-7.315690833333333	112.79376833333333	22.6
-7.315690833333333	112.79376833333333	22.6
-7.315686833333333	112.79379	22.8
-7.315686833333333	112.79379	22.8
-7.315682	112.79381333333333	22.8
-7.3156765	112.79383833333333	22.7
-7.315671166666666	112.79386466666666	22.5
-7.315665666666667	112.7938925	22.3
-7.315665666666667	112.7938925	22.3
-7.31566	112.79392116666666	22.2
-7.31566	112.79392116666666	22.2
-7.315655	112.79395066666666	22.0
-7.315655	112.79395066666666	22.0
-7.3156495	112.7939805	22.0
-7.3156495	112.7939805	22.0
-7.315644	112.79401016666667	21.7
-7.315644	112.79401016666667	21.7
-7.315633666666667	112.79406933333334	21.5
-7.315633666666667	112.79406933333334	21.5
-7.315627833333333	112.794098	21.4
-7.315627833333333	112.794098	21.4
-7.315622333333334	112.79412616666667	21.2
-7.315622333333334	112.79412616666667	21.2
-7.315622333333334	112.79412616666667	21.2
-7.315616	112.794154	21.0
-7.315610166666667	112.794182	20.8
-7.315604	112.79421	20.9
-7.315604	112.79421	20.9
-7.3155985	112.79423766666666	20.9
-7.3155935	112.79426533333333	20.8
-7.3155935	112.79426533333333	20.8
-7.315583833333333	112.79432033333333	20.8
-7.315583833333333	112.79432033333333	20.8
-7.315583833333333	112.79432033333333	20.8
-7.315579166666667	112.794348	20.9
-7.315579166666667	112.794348	20.9
-7.3155738333333336	112.79437483333334	21.0
-7.3155738333333336	112.79437483333334	21.0
-7.315568666666667	112.79440116666666	20.9
-7.315568666666667	112.79440116666666	20.9
-7.315563	112.79442733333333	21.0
-7.315563	112.79442733333333	21.0
-7.315557833333333	112.79445316666667	20.9
-7.315552666666667	112.794479	20.8
-7.315552666666667	112.794479	20.8
-7.3155475	112.7945045	20.7
-7.3155475	112.7945045	20.7
-7.3155426666666665	112.79453	20.6
-7.3155426666666665	112.79453	20.6
-7.315536666666667	112.79455533333334	20.5
-7.315532	112.79458116666666	20.3
-7.315532	112.79458116666666	20.3
-7.315527833333333	112.79460666666667	20.0
-7.3155225	112.79463233333334	19.9
-7.3155225	112.79463233333334	19.9
-7.315518333333333	112.79465866666666	19.4
-7.315518333333333	112.79465866666666	19.4
-7.315518333333333	112.79465866666666	19.4
-7.315513	112.794685	19.3
-7.315513	112.794685	19.3
-7.315508	112.79471066666666	19.2
-7.315504	112.79473416666667	18.8
-7.315504	112.79473416666667	18.8
-7.3155005	112.794756	18.4
-7.3154968333333334	112.79477816666666	18.2
-7.3154968333333334	112.79477816666666	18.2
-7.315491333333333	112.79480066666666	18.2
-7.315486333333333	112.7948235	18.2
-7.315486333333333	112.7948235	18.2
-7.315482	112.79484666666667	18.1
-7.315482	112.79484666666667	18.1
-7.315477333333333	112.79486966666667	18.0
-7.3154726666666665	112.7948925	18.0
-7.3154726666666665	112.7948925	18.0
-7.3154685	112.794915	18.0
-7.3154685	112.794915	18.0
-7.315463666666667	112.79493633333334	18.1
-7.3154588333333335	112.79495583333333	18.0
-7.3154588333333335	112.79495583333333	18.0
-7.315454333333333	112.79497433333333	17.7
-7.315447	112.79499266666667	17.7
-7.315447	112.79499266666667	17.7
-7.315438	112.79501	17.6
-7.315427666666666	112.79502516666666	17.3
-7.315415166666667	112.79503666666666	17.1
-7.315401333333333	112.79504566666667	16.9
-7.315401333333333	112.79504566666667	16.9
-7.315386833333333	112.795053	16.7
-7.315372833333333	112.79505783333333	16.4
-7.315358166666667	112.79505983333334	16.0
-7.315358166666667	112.79505983333334	16.0
-7.315341666666667	112.79505916666666	15.7
-7.315341666666667	112.79505916666666	15.7
-7.315325	112.7950555	15.3
-7.315325	112.7950555	15.3
-7.315306666666666	112.79505033333334	15.0
-7.315306666666666	112.79505033333334	15.0
-7.315287333333333	112.79504516666667	14.7
-7.315287333333333	112.79504516666667	14.7
-7.315287333333333	112.79504516666667	14.7
-7.3152661666666665	112.7950395	14.5
-7.3152661666666665	112.7950395	14.5
-7.315244	112.7950335	14.3
-7.315244	112.7950335	14.3
-7.315222	112.79502883333333	14.2
-7.315202666666667	112.79502466666666	14.1
-7.315202666666667	112.79502466666666	14.1
-7.3151865	112.79502116666667	14.0
-7.3151865	112.79502116666667	14.0
-7.315173333333333	112.7950185	13.7
-7.315173333333333	112.7950185	13.7
-7.315161	112.79501683333334	13.6
-7.315161	112.79501683333334	13.6
-7.315161	112.79501683333334	13.6
-7.3151495	112.795015	13.4
-7.315138666666667	112.79501283333333	13.2
-7.315138666666667	112.79501283333333	13.2
-7.315138666666667	112.79501283333333	13.2
-7.315128333333333	112.7950105	13.0
-7.315128333333333	112.7950105	13.0
-7.315128333333333	112.7950105	13.0
-7.315119	112.795009	13.0
-7.315119	112.795009	13.0
-7.315111333333333	112.7950085	12.9
-7.315111333333333	112.7950085	12.9
-7.315111333333333	112.7950085	12.9
-7.315102833333333	112.79500833333333	12.9
-7.315092333333333	112.795008	12.9
-7.315092333333333	112.795008	12.9
-7.315092333333333	112.795008	12.9
-7.315082	112.79500783333333	12.8
-7.315082	112.79500783333333	12.8
-7.315070833333333	112.79500916666667	12.7
-7.315070833333333	112.79500916666667	12.7
-7.315070833333333	112.79500916666667	12.7
-7.315059166666667	112.79501133333333	12.5
-7.315059166666667	112.79501133333333	12.5
-7.3150475	112.7950155	12.4
-7.3150475	112.7950155	12.4
-7.3150475	112.7950155	12.4
-7.315036666666667	112.795021	12.3
-7.315036666666667	112.795021	12.3
-7.315027333333333	112.795028	12.2
-7.315027333333333	112.795028	12.2
-7.315020166666667	112.7950365	12.0
-7.315020166666667	112.7950365	12.0
-7.315020166666667	112.7950365	12.0
-7.3150145	112.79504516666667	12.0
-7.3150145	112.79504516666667	12.0
-7.3150105	112.79505466666667	11.8
-7.3150105	112.79505466666667	11.8
-7.3150105	112.79505466666667	11.8
-7.3150078333333335	112.79506466666666	11.6
-7.3150078333333335	112.79506466666666	11.6
-7.315005833333333	112.7950755	11.5
-7.315005833333333	112.7950755	11.5
-7.315005833333333	112.7950755	11.5
-7.315002833333334	112.79508783333333	11.6
-7.315002833333334	112.79508783333333	11.6
-7.315002833333334	112.79508783333333	11.6
-7.315000333333334	112.79510016666667	11.6
-7.315000333333334	112.79510016666667	11.6
-7.314997	112.79511283333333	11.6
-7.314997	112.79511283333333	11.6
-7.314993666666667	112.79512516666666	11.6
-7.314993666666667	112.79512516666666	11.6
-7.314993666666667	112.79512516666666	11.6
-7.314990666666667	112.79513733333333	11.5
-7.314990666666667	112.79513733333333	11.5
-7.314987166666667	112.79515016666667	11.6
-7.314987166666667	112.79515016666667	11.6
-7.314987166666667	112.79515016666667	11.6
-7.314984166666667	112.79516316666667	11.6
-7.314984166666667	112.79516316666667	11.6
-7.314984166666667	112.79516316666667	11.6
-7.3149801666666665	112.79517633333333	11.7
-7.3149801666666665	112.79517633333333	11.7
-7.314977166666667	112.79519	11.7
-7.314977166666667	112.79519	11.7
-7.3149741666666666	112.79520433333333	11.7
-7.3149741666666666	112.79520433333333	11.7
-7.314971166666667	112.795219	11.9
-7.314971166666667	112.795219	11.9
-7.314971166666667	112.795219	11.9
-7.314969	112.79523416666666	12.0
-7.314969	112.79523416666666	12.0
-7.314967333333334	112.7952495	12.2
-7.314967333333334	112.7952495	12.2
-7.314967333333334	112.7952495	12.2
-7.3149663333333335	112.79526533333333	12.2
-7.3149663333333335	112.79526533333333	12.2
-7.3149663333333335	112.79526533333333	12.2
-7.314887833333334	112.79560183333334	15.9
-7.314852	112.79575633333333	17.4
-7.314851	112.79575683333333	17.5
-7.3148655	112.7957455	19.0
-7.3148653333333336	112.7957455	19.1
-7.3148653333333336	112.7957455	19.1
-7.314866	112.79574566666666	19.0
-7.314866	112.79574566666666	19.0
-7.314866666666667	112.7957455	19.1
-7.314866666666667	112.7957455	19.1
-7.314868166666667	112.79574566666666	19.1
-7.314868166666667	112.79574566666666	19.1
-7.3148713333333335	112.7957455	19.1
-7.314875166666667	112.79574516666666	19.2
-7.314875166666667	112.79574516666666	19.2
-7.3148775	112.79574483333333	19.4
-7.3148775	112.79574483333333	19.4
-7.314879333333334	112.79574533333333	19.3
-7.314879333333334	112.79574533333333	19.3
-7.3148805	112.79574516666666	19.4
-7.3148805	112.79574516666666	19.4
-7.314881333333333	112.79574516666666	19.4
-7.314881333333333	112.79574516666666	19.4
-7.314882	112.79574533333333	19.3
-7.314882	112.79574533333333	19.3
-7.314882	112.79574533333333	19.3
-7.314881833333334	112.79574516666666	19.2
-7.314881833333334	112.79574516666666	19.2
-7.314881833333334	112.79574516666666	19.2
-7.3148805	112.7957445	19.0
-7.3148805	112.7957445	19.0
-7.3148805	112.7957445	19.0
-7.3148805	112.7957445	19.0
-7.3148785	112.79574266666667	18.9
-7.3148785	112.79574266666667	18.9
-7.3148785	112.79574266666667	18.9
-7.3148785	112.79574266666667	18.9
-7.3148756666666666	112.79573816666667	19.1
-7.3148756666666666	112.79573816666667	19.1
-7.3148756666666666	112.79573816666667	19.1
-7.3148735	112.795732	19.2
-7.3148735	112.795732	19.2
-7.3148735	112.795732	19.2
-7.314872333333334	112.795724	19.4
-7.314872333333334	112.795724	19.4
-7.314873333333333	112.79571566666667	19.2
-7.314873333333333	112.79571566666667	19.2
-7.314873333333333	112.79571566666667	19.2
-7.314876166666667	112.79570683333333	18.9
-7.314876166666667	112.79570683333333	18.9
-7.3148805	112.79569733333334	18.3
-7.3148805	112.79569733333334	18.3
-7.314885333333334	112.79568566666667	18.0
-7.314885333333334	112.79568566666667	18.0
-7.31489	112.79567316666666	17.7
-7.314895666666667	112.79565966666667	17.6
-7.314895666666667	112.79565966666667	17.6
-7.314901166666667	112.795646	17.4
-7.314901166666667	112.795646	17.4
-7.314901166666667	112.795646	17.4
-7.314906333333333	112.79563183333333	17.3
-7.314906333333333	112.79563183333333	17.3
-7.314906333333333	112.79563183333333	17.3
-7.314911166666667	112.79561683333333	17.1
-7.3149155	112.79560216666667	16.8
-7.3149155	112.79560216666667	16.8
-7.3149155	112.79560216666667	16.8
-7.314920166666667	112.79558733333333	16.6
-7.314920166666667	112.79558733333333	16.6
-7.314924166666667	112.79557216666667	16.3
-7.314924166666667	112.79557216666667	16.3
-7.314924166666667	112.79557216666667	16.3
-7.314924166666667	112.79557216666667	16.3
-7.3149283333333335	112.79555716666667	16.0
-7.3149283333333335	112.79555716666667	16.0
-7.314932833333334	112.795542	15.8
-7.314932833333334	112.795542	15.8
-7.314937166666667	112.79552683333333	15.6
-7.314937166666667	112.79552683333333	15.6
-7.314937166666667	112.79552683333333	15.6
-7.314941666666667	112.79551183333334	15.5
-7.314941666666667	112.79551183333334	15.5
-7.314941666666667	112.79551183333334	15.5
-7.3149481666666665	112.795497	15.5
-7.3149481666666665	112.795497	15.5
-7.314953833333333	112.79548233333334	15.6
-7.314953833333333	112.79548233333334	15.6
-7.314953833333333	112.79548233333334	15.6
-7.314958333333333	112.7954675	15.6
-7.314958333333333	112.7954675	15.6
-7.314958333333333	112.7954675	15.6
-7.314962333333333	112.79545283333333	15.6
-7.314966166666666	112.79543783333334	15.6
-7.314966166666666	112.79543783333334	15.6
-7.314968666666666	112.79542216666667	15.6
-7.314968666666666	112.79542216666667	15.6
-7.314968666666666	112.79542216666667	15.6
-7.314972	112.79540633333333	15.6
-7.314972	112.79540633333333	15.6
-7.314972	112.79540633333333	15.6
-7.314975333333333	112.79539033333333	15.5
-7.314975333333333	112.79539033333333	15.5
-7.3149785	112.79537416666666	15.6
-7.3149785	112.79537416666666	15.6
-7.3149825	112.795358	15.6
-7.3149825	112.795358	15.6
-7.314986666666667	112.79534233333334	15.7
-7.314986666666667	112.79534233333334	15.7
-7.314986666666667	112.79534233333334	15.7
-7.31499	112.79532666666667	15.9
-7.31499	112.79532666666667	15.9
-7.31499	112.79532666666667	15.9
-7.314994333333333	112.79531083333333	16.2
-7.314994333333333	112.79531083333333	16.2
-7.314994333333333	112.79531083333333	16.2
-7.314994333333333	112.79531083333333	16.2
-7.3149975	112.795295	16.2
-7.3149975	112.795295	16.2
-7.3149975	112.795295	16.2
-7.3149975	112.795295	16.2
-7.315001166666667	112.795279	16.4
-7.315001166666667	112.795279	16.4
-7.3150045	112.795263	16.4
-7.3150045	112.795263	16.4
-7.3150086666666665	112.79524733333334	16.5
-7.3150086666666665	112.79524733333334	16.5
-7.3150086666666665	112.79524733333334	16.5
-7.3150125	112.795232	16.6
-7.3150125	112.795232	16.6
-7.315016	112.7952165	16.6
-7.315016	112.7952165	16.6
-7.315024333333334	112.7951865	16.7
-7.315024333333334	112.7951865	16.7
-7.315024333333334	112.7951865	16.7
-7.315027833333334	112.79517183333333	16.7
-7.315027833333334	112.79517183333333	16.7
-7.315031333333334	112.7951565	16.9
-7.315031333333334	112.7951565	16.9
-7.315034833333334	112.79514033333334	17.1
-7.315034833333334	112.79514033333334	17.1
-7.315037666666667	112.79512466666667	17.5
-7.3150398333333335	112.79511066666667	17.7
-7.3150398333333335	112.79511066666667	17.7
-7.315042	112.79509833333333	17.9
-7.315044333333334	112.7950865	18.1
-7.315044333333334	112.7950865	18.1
-7.315048	112.795075	18.2
-7.315048	112.795075	18.2
-7.315053	112.79506433333333	17.8
-7.31507	112.79504466666667	17.6
-7.31507	112.79504466666667	17.6
-7.315080333333333	112.79503616666666	17.1
-7.315080333333333	112.79503616666666	17.1
-7.3150885	112.79503033333333	16.7
-7.3150885	112.79503033333333	16.7
-7.3150885	112.79503033333333	16.7
-7.315097	112.79502766666667	16.5
-7.315097	112.79502766666667	16.5
-7.315107833333333	112.79502783333334	16.5
-7.315107833333333	112.79502783333334	16.5
-7.315119	112.79503066666666	16.5
-7.315119	112.79503066666666	16.5
-7.315119	112.79503066666666	16.5
-7.315132	112.7950345	16.3
-7.315132	112.7950345	16.3
-7.315147166666667	112.79503766666667	16.3
-7.315147166666667	112.79503766666667	16.3
-7.315147166666667	112.79503766666667	16.3
-7.315163833333333	112.79504166666666	16.2
-7.315163833333333	112.79504166666666	16.2
-7.315163833333333	112.79504166666666	16.2
-7.315180833333334	112.79504583333333	16.2
-7.315180833333334	112.79504583333333	16.2
-7.3151996666666665	112.79505066666667	16.1
-7.3152185	112.7950555	16.1
-7.3152185	112.7950555	16.1
-7.3152185	112.7950555	16.1
-7.3152376666666665	112.79506066666667	16.2
-7.315296	112.795075	16.0
-7.315296	112.795075	16.0
-7.3153136666666665	112.79507883333333	16.0
-7.3153305	112.79508283333334	15.7
-7.3153305	112.79508283333334	15.7
-7.315346833333333	112.79508733333333	15.5
-7.315346833333333	112.79508733333333	15.5
-7.315346833333333	112.79508733333333	15.5
-7.3153635	112.79509083333333	15.5
-7.3153635	112.79509083333333	15.5
-7.3153801666666665	112.7950945	15.3
-7.3153801666666665	112.7950945	15.3
-7.3153801666666665	112.7950945	15.3
-7.3153801666666665	112.7950945	15.3
-7.3153965	112.79509883333333	15.2
-7.3153965	112.79509883333333	15.2
-7.3154121666666665	112.79510433333333	15.3
-7.3154121666666665	112.79510433333333	15.3
-7.315427333333333	112.79511083333334	15.0
-7.315427333333333	112.79511083333334	15.0
-7.315427333333333	112.79511083333334	15.0
-7.315440333333333	112.79511966666666	15.0
-7.315440333333333	112.79511966666666	15.0
-7.315440333333333	112.79511966666666	15.0
-7.31545	112.795132	14.9
-7.31545	112.795132	14.9
-7.31545	112.795132	14.9
-7.315455666666667	112.7951465	15.0
-7.315455666666667	112.7951465	15.0
-7.315458666666666	112.79516233333334	15.1
-7.315458666666666	112.79516233333334	15.1
-7.315458666666666	112.79516233333334	15.1
-7.315459333333333	112.79518016666667	15.2
-7.315459333333333	112.79518016666667	15.2
-7.315459333333333	112.79518016666667	15.2
-7.315459333333333	112.79518016666667	15.2
-7.315457666666667	112.79520049999999	15.2
-7.315457666666667	112.79520049999999	15.2
-7.315457666666667	112.79520049999999	15.2
-7.315457666666667	112.79520049999999	15.2
-7.315457666666667	112.79520049999999	15.2
-7.3154536666666665	112.79522216666666	15.1
-7.3154536666666665	112.79522216666666	15.1
-7.3154536666666665	112.79522216666666	15.1
-7.3154536666666665	112.79522216666666	15.1
-7.315449166666666	112.79524516666666	15.0
-7.315449166666666	112.79524516666666	15.0
-7.315444	112.79527	14.9
-7.315444	112.79527	14.9
-7.315438	112.79529483333333	14.9
-7.315438	112.79529483333333	14.9
-7.315432333333334	112.795318	14.8
-7.315432333333334	112.795318	14.8
-7.315426166666667	112.79534116666666	14.7
-7.315426166666667	112.79534116666666	14.7
-7.315426166666667	112.79534116666666	14.7
-7.315426166666667	112.79534116666666	14.7
-7.315420166666667	112.795364	14.9
-7.315420166666667	112.795364	14.9
-7.3154148333333335	112.79538733333334	14.9
-7.315409833333334	112.79541066666667	15.1
-7.315409833333334	112.79541066666667	15.1
-7.315405666666667	112.79543516666666	15.0
-7.315400166666667	112.79546066666667	15.2
-7.315395	112.795487	15.3
-7.315389166666667	112.79551483333333	15.4
-7.315389166666667	112.79551483333333	15.4
-7.315389166666667	112.79551483333333	15.4
-7.3153828333333335	112.7955435	15.5
-7.3153828333333335	112.7955435	15.5
-7.315377833333334	112.79557333333334	15.6
-7.315377833333334	112.79557333333334	15.6
-7.315371666666667	112.7956035	16.0
-7.315371666666667	112.7956035	16.0
-7.315371666666667	112.7956035	16.0
-7.315366166666666	112.7956345	16.1
-7.315366166666666	112.7956345	16.1
-7.315366166666666	112.7956345	16.1
-7.3153603333333335	112.79566533333333	16.2
-7.3153603333333335	112.79566533333333	16.2
-7.3153603333333335	112.79566533333333	16.2
-7.315354	112.79569633333334	16.2
-7.315354	112.79569633333334	16.2
-7.315354	112.79569633333334	16.2
-7.315347833333333	112.79572783333333	16.2
-7.315347833333333	112.79572783333333	16.2
-7.315339833333334	112.79575833333334	16.3
-7.315339833333334	112.79575833333334	16.3
-7.315339833333334	112.79575833333334	16.3
-7.315332	112.79578866666667	16.4
-7.315332	112.79578866666667	16.4
-7.315332	112.79578866666667	16.4
-7.315332	112.79578866666667	16.4
-7.315324166666667	112.7958185	16.5
-7.315280166666667	112.79607083333333	18.3
-7.315280166666667	112.79607083333333	18.3
-7.315280166666667	112.79607083333333	18.3
-7.3152895	112.79608416666667	18.4
-7.3152895	112.79608416666667	18.4
-7.315303666666667	112.7960935	18.5
-7.315303666666667	112.7960935	18.5
-7.315303666666667	112.7960935	18.5
-7.315322666666667	112.796097	18.3
-7.315322666666667	112.796097	18.3
-7.315342666666667	112.796093	17.9
-7.315342666666667	112.796093	17.9
-7.315342666666667	112.796093	17.9
-7.315342666666667	112.796093	17.9
-7.315361666666667	112.79608233333333	17.5
-7.315361666666667	112.79608233333333	17.5
-7.315361666666667	112.79608233333333	17.5
-7.315377333333333	112.796066	16.9
-7.315377333333333	112.796066	16.9
-7.315377333333333	112.796066	16.9
-7.3153885	112.7960455	16.4
-7.3153885	112.7960455	16.4
-7.315397166666667	112.79602283333334	16.1
-7.315397166666667	112.79602283333334	16.1
-7.315397166666667	112.79602283333334	16.1
-7.315404166666666	112.79599816666666	15.7
-7.315404166666666	112.79599816666666	15.7
-7.315404166666666	112.79599816666666	15.7
-7.315410333333333	112.79597233333334	15.3
-7.315410333333333	112.79597233333334	15.3
-7.315410333333333	112.79597233333334	15.3
-7.315416166666667	112.79594533333334	15.0
-7.315416166666667	112.79594533333334	15.0
-7.315416166666667	112.79594533333334	15.0
-7.315422	112.795917	15.0
-7.315422	112.795917	15.0
-7.315422	112.795917	15.0
-7.315422	112.795917	15.0
-7.315427333333333	112.795888	14.7
-7.315427333333333	112.795888	14.7
-7.315427333333333	112.795888	14.7
-7.315432833333333	112.79585833333333	14.6
-7.315432833333333	112.79585833333333	14.6
-7.31544	112.79582816666667	14.4
-7.31544	112.79582816666667	14.4
-7.31544	112.79582816666667	14.4
-7.3154475	112.795797	14.3
-7.3154475	112.795797	14.3
-7.315455666666667	112.79576533333334	14.3
-7.315455666666667	112.79576533333334	14.3
-7.315455666666667	112.79576533333334	14.3
-7.315463833333333	112.79573383333333	14.3
-7.315463833333333	112.79573383333333	14.3
-7.315463833333333	112.79573383333333	14.3
-7.315470666666666	112.79570316666667	14.3
-7.315470666666666	112.79570316666667	14.3
-7.315470666666666	112.79570316666667	14.3
-7.315470666666666	112.79570316666667	14.3
-7.315478166666667	112.79567366666667	14.2
-7.315478166666667	112.79567366666667	14.2
-7.315478166666667	112.79567366666667	14.2
-7.315478166666667	112.79567366666667	14.2
-7.315485833333334	112.79564483333333	14.2
-7.315485833333334	112.79564483333333	14.2
-7.315485833333334	112.79564483333333	14.2
-7.315494166666666	112.79561666666666	14.3
-7.315494166666666	112.79561666666666	14.3
-7.315500833333333	112.7955885	14.4
-7.315500833333333	112.7955885	14.4
-7.315500833333333	112.7955885	14.4
-7.315500833333333	112.7955885	14.4
-7.315506833333333	112.79556016666666	14.3
-7.315506833333333	112.79556016666666	14.3
-7.315511666666667	112.795532	14.2
-7.315511666666667	112.795532	14.2
-7.315517333333333	112.79550416666666	14.1
-7.315517333333333	112.79550416666666	14.1
-7.315517333333333	112.79550416666666	14.1
-7.315524	112.79547666666667	14.2
-7.315524	112.79547666666667	14.2
-7.315524	112.79547666666667	14.2
-7.315524	112.79547666666667	14.2
-7.3155305	112.795449	14.1
-7.3155305	112.795449	14.1
-7.3155305	112.795449	14.1
-7.315536166666667	112.79542083333334	14.1
-7.315536166666667	112.79542083333334	14.1
-7.315536166666667	112.79542083333334	14.1
-7.315543833333333	112.795393	14.2
-7.315543833333333	112.795393	14.2
-7.3158805	112.7947905	13.0
-7.315880166666667	112.794792	12.9
-7.315880166666667	112.794792	12.9
-7.315879666666667	112.79479316666666	12.7
-7.315879666666667	112.79479316666666	12.7
-7.315879666666667	112.79479316666666	12.7
-7.3158788333333336	112.79479433333333	12.6
-7.3158788333333336	112.79479433333333	12.6
-7.315878	112.79479533333334	12.3
-7.315878	112.79479533333334	12.3
-7.315877333333333	112.79479666666667	12.2
-7.315877333333333	112.79479666666667	12.2
-7.315876833333333	112.7947975	12.0
-7.315876833333333	112.7947975	12.0
-7.315876833333333	112.7947975	12.0
-7.3158765	112.79479833333333	11.8
-7.3158765	112.79479833333333	11.8
-7.3158765	112.79479833333333	11.8
-7.3158765	112.79479833333333	11.8
-7.315875833333333	112.7947995	11.6
-7.315875833333333	112.7947995	11.6
-7.3158755	112.79480016666666	11.4
-7.315875	112.79480066666666	11.3
-7.315875	112.79480066666666	11.3
-7.315874833333333	112.79480133333334	11.2
-7.315874833333333	112.79480133333334	11.2
-7.315874666666667	112.794802	11.1
-7.315874666666667	112.794802	11.1
-7.315874666666667	112.794802	11.1
-7.3158745	112.794803	10.9
-7.3158745	112.794803	10.9
-7.315874166666666	112.794803	10.8
-7.315874166666666	112.794803	10.8
-7.315874166666666	112.794803	10.8
-7.315874166666666	112.79480316666667	10.8
-7.315874166666666	112.79480316666667	10.8
-7.315874166666666	112.79480316666667	10.8
-7.315874333333333	112.79480383333333	10.7
-7.315874333333333	112.79480383333333	10.7
-7.315874333333333	112.79480383333333	10.7
-7.3158745	112.79480416666667	10.8
-7.3158745	112.79480416666667	10.8
-7.3158745	112.79480416666667	10.8
-7.315874333333333	112.7948045	10.8
-7.315874333333333	112.7948045	10.8
-7.315874166666666	112.7948045	10.7
-7.315874166666666	112.7948045	10.7
-7.315874	112.7948045	10.5
-7.315873833333334	112.79480516666666	10.4
-7.315873666666667	112.7948055	10.4
-7.315873666666667	112.7948055	10.4
-7.315873666666667	112.7948055	10.4
-7.315873833333334	112.794806	10.3
-7.315873833333334	112.794806	10.3
-7.315873833333334	112.794806	10.3
-7.315875666666667	112.79480649999999	10.3
-7.315875666666667	112.79480649999999	10.3
-7.315875666666667	112.79480649999999	10.3
-7.315879166666667	112.79480816666667	10.5
-7.315879166666667	112.79480816666667	10.5
-7.315885	112.79480933333333	10.4
-7.315885	112.79480933333333	10.4
-7.315891833333334	112.79481066666666	10.8
-7.315891833333334	112.79481066666666	10.8
-7.315891833333334	112.79481066666666	10.8
-7.315900666666667	112.794811	11.0
-7.315900666666667	112.794811	11.0
-7.3159106666666665	112.79481133333333	11.3
-7.3159106666666665	112.79481133333333	11.3
-7.3159106666666665	112.79481133333333	11.3
-7.315922333333333	112.79481166666666	11.5
-7.315922333333333	112.79481166666666	11.5
-7.315935	112.7948125	11.8
-7.315935	112.7948125	11.8
-7.315935	112.7948125	11.8
-7.315950166666667	112.79481366666667	12.0
-7.315950166666667	112.79481366666667	12.0
-7.315966333333333	112.79481483333333	12.1
-7.315966333333333	112.79481483333333	12.1
-7.315966333333333	112.79481483333333	12.1
-7.315984	112.79481566666666	12.2
-7.315984	112.79481566666666	12.2
-7.3160035	112.7948175	12.3
-7.3160035	112.7948175	12.3
-7.316024	112.79482033333333	12.4
-7.316024	112.79482033333333	12.4
-7.316046	112.79482233333333	12.6
-7.316046	112.79482233333333	12.6
-7.316046	112.79482233333333	12.6
-7.3160696666666665	112.79482383333334	12.7
-7.316095333333333	112.79482566666667	12.7
-7.316095333333333	112.79482566666667	12.7
-7.316095333333333	112.79482566666667	12.7
-7.316122333333333	112.79482733333333	12.6
-7.316122333333333	112.79482733333333	12.6
-7.316122333333333	112.79482733333333	12.6
-7.316151166666667	112.79483016666667	12.5
-7.316151166666667	112.79483016666667	12.5
-7.316181	112.79483466666667	12.5
-7.316212	112.79484033333334	12.5
-7.316212	112.79484033333334	12.5
-7.316212	112.79484033333334	12.5
-7.316244333333334	112.79484383333333	12.5
-7.316244333333334	112.79484383333333	12.5
-7.316244333333334	112.79484383333333	12.5
-7.316244333333334	112.79484383333333	12.5
-7.316277333333334	112.7948485	12.4
-7.316277333333334	112.7948485	12.4
-7.316277333333334	112.7948485	12.4
-7.316277333333334	112.7948485	12.4
-7.3163095	112.794853	12.4
-7.3163095	112.794853	12.4
-7.316340666666667	112.79485733333334	12.5
-7.316340666666667	112.79485733333334	12.5
-7.316340666666667	112.79485733333334	12.5
-7.316372166666667	112.79486216666666	12.4
-7.316372166666667	112.79486216666666	12.4
-7.316372166666667	112.79486216666666	12.4
-7.3164035	112.794867	12.5
-7.3164035	112.794867	12.5
-7.3164035	112.794867	12.5
-7.3164351666666665	112.79487133333333	12.6
-7.3164351666666665	112.79487133333333	12.6
-7.3164671666666665	112.7948745	12.5
-7.3164671666666665	112.7948745	12.5
-7.316499	112.794877	12.6
-7.316499	112.794877	12.6
-7.316531	112.79488016666667	12.5
-7.316531	112.79488016666667	12.5
-7.316531	112.79488016666667	12.5
-7.316563	112.794884	12.5
-7.316563	112.794884	12.5
-7.316595333333333	112.794888	12.4
-7.316595333333333	112.794888	12.4
-7.316627666666666	112.79489366666667	12.5
-7.316627666666666	112.79489366666667	12.5
-7.316660166666667	112.79489883333333	12.4
-7.316693666666667	112.794904	12.4
-7.316693666666667	112.794904	12.4
-7.316693666666667	112.794904	12.4
-7.316727833333333	112.794909	12.4
-7.316727833333333	112.794909	12.4
-7.3167626666666665	112.794914	12.3
-7.3167626666666665	112.794914	12.3
-7.316798166666667	112.79491883333333	12.2
-7.316798166666667	112.79491883333333	12.2
-7.316798166666667	112.79491883333333	12.2
-7.316833833333333	112.794923	12.1
-7.316833833333333	112.794923	12.1
-7.316833833333333	112.794923	12.1
-7.316869333333333	112.794927	12.0
-7.316869333333333	112.794927	12.0
-7.316904666666667	112.7949315	12.1
-7.316904666666667	112.7949315	12.1
-7.3169398333333335	112.79493766666667	12.1
-7.316974666666667	112.79494333333334	12.2
-7.316974666666667	112.79494333333334	12.2
-7.317009	112.794949	12.2
-7.317009	112.794949	12.2
-7.317009	112.794949	12.2
-7.317071833333333	112.79495933333334	12.4
-7.317071833333333	112.79495933333334	12.4
-7.317099333333333	112.794964	12.4
-7.3171235	112.79496883333333	12.5
-7.317143833333334	112.79497166666667	12.5
-7.317161666666666	112.79497316666667	12.5
-7.317161666666666	112.79497316666667	12.5
-7.317178333333334	112.79497616666667	12.4
-7.317178333333334	112.79497616666667	12.4
-7.317193666666666	112.7949805	12.5
-7.317193666666666	112.7949805	12.5
-7.3172093333333335	112.79498583333333	12.7
-7.3172093333333335	112.79498583333333	12.7
-7.317224833333333	112.79499366666667	12.7
-7.317224833333333	112.79499366666667	12.7
-7.317239166666667	112.79500483333334	12.9
-7.317239166666667	112.79500483333334	12.9
-7.317239166666667	112.79500483333334	12.9
-7.3172515	112.79501933333333	13.0
-7.317259166666667	112.79503616666666	13.3
-7.317259166666667	112.79503616666666	13.3
-7.317259166666667	112.79503616666666	13.3
-7.3172611666666665	112.7950565	13.6
-7.3172611666666665	112.7950565	13.6
-7.3172611666666665	112.7950565	13.6
-7.3172611666666665	112.7950565	13.6
-7.317259166666667	112.79507816666667	13.9
-7.317259166666667	112.79507816666667	13.9
-7.317255666666667	112.79510066666667	13.9
-7.317255666666667	112.79510066666667	13.9
-7.317251833333334	112.79512333333334	14.1
-7.317251833333334	112.79512333333334	14.1
-7.317247666666667	112.795145	14.3
-7.317243833333333	112.79516566666666	14.4
-7.317243833333333	112.79516566666666	14.4
-7.317240333333333	112.7951865	14.5
-7.317240333333333	112.7951865	14.5
-7.317240333333333	112.7951865	14.5
-7.3172365	112.7952075	14.9
-7.3172365	112.7952075	14.9
-7.317232833333334	112.79522766666666	15.0
-7.317232833333334	112.79522766666666	15.0
-7.317232833333334	112.79522766666666	15.0
-7.317229833333333	112.79524583333334	14.9
-7.317229833333333	112.79524583333334	14.9
-7.317229833333333	112.79524583333334	14.9
-7.317229833333333	112.79524583333334	14.9
-7.317227	112.79526266666667	14.8
-7.317227	112.79526266666667	14.8
-7.317227	112.79526266666667	14.8
-7.3172231666666665	112.7952785	14.9
-7.3172231666666665	112.7952785	14.9
-7.3172231666666665	112.7952785	14.9
-7.3172205	112.7952935	14.8
-7.3172205	112.7952935	14.8
-7.3172205	112.7952935	14.8
-7.317218666666666	112.795308	14.8
-7.317218666666666	112.795308	14.8
-7.317218666666666	112.795308	14.8
-7.317217666666667	112.7953225	14.8
-7.317217666666667	112.7953225	14.8
-7.317217666666667	112.7953225	14.8
-7.317219166666667	112.7953365	14.9
-7.317219166666667	112.7953365	14.9
-7.317219166666667	112.7953365	14.9
-7.3172245	112.79535	14.9
-7.3172245	112.79535	14.9
-7.3172245	112.79535	14.9
-7.317233	112.79536216666666	15.0
-7.317233	112.79536216666666	15.0
-7.317233	112.79536216666666	15.0
-7.3172448333333335	112.79537183333333	15.0
-7.3172448333333335	112.79537183333333	15.0
-7.3172448333333335	112.79537183333333	15.0
-7.317258833333334	112.795379	15.2
-7.317258833333334	112.795379	15.2
-7.317258833333334	112.795379	15.2
-7.3172741666666665	112.7953845	15.2
-7.3172741666666665	112.7953845	15.2
-7.3172741666666665	112.7953845	15.2
-7.3172905	112.79538883333333	15.3
-7.3172905	112.79538883333333	15.3
-7.3172905	112.79538883333333	15.3
-7.3172905	112.79538883333333	15.3
-7.317307666666666	112.795394	15.2
-7.317307666666666	112.795394	15.2
-7.317307666666666	112.795394	15.2
-7.317307666666666	112.795394	15.2
-7.317326666666666	112.795398	15.1
-7.317326666666666	112.795398	15.1
-7.317326666666666	112.795398	15.1
-7.317348666666667	112.795402	15.1
-7.317348666666667	112.795402	15.1
-7.317348666666667	112.795402	15.1
-7.3173726666666665	112.795406	15.0
-7.3173726666666665	112.795406	15.0
-7.3173726666666665	112.795406	15.0
-7.3173726666666665	112.795406	15.0
-7.3173965	112.79540983333334	14.9
-7.317418666666667	112.79541333333333	14.9
-7.317418666666667	112.79541333333333	14.9
-7.317418666666667	112.79541333333333	14.9
-7.317439666666667	112.795417	15.0
-7.317439666666667	112.795417	15.0
-7.317439666666667	112.795417	15.0
-7.317459333333334	112.79541966666666	15.0
-7.317459333333334	112.79541966666666	15.0
-7.317459333333334	112.79541966666666	15.0
-7.3174765	112.79542233333333	15.0
-7.3174765	112.79542233333333	15.0
-7.3174765	112.79542233333333	15.0
-7.317490666666667	112.795425	14.9
-7.317490666666667	112.795425	14.9
-7.317503666666667	112.79542733333334	14.9
-7.317503666666667	112.79542733333334	14.9
-7.3175175	112.79542933333333	14.8
-7.3175175	112.79542933333333	14.8
-7.3175175	112.79542933333333	14.8
-7.317533	112.79543116666666	14.8
-7.317533	112.79543116666666	14.8
-7.317533	112.79543116666666	14.8
-7.317533	112.79543116666666	14.8
-7.317550333333333	112.79543316666667	14.7
-7.317550333333333	112.79543316666667	14.7
-7.317550333333333	112.79543316666667	14.7
-7.317550333333333	112.79543316666667	14.7
-7.31757	112.7954355	14.7
-7.3175925	112.795439	14.6
-7.3175925	112.795439	14.6
-7.3175925	112.795439	14.6
-7.3176171666666665	112.79544233333333	14.7
-7.3176171666666665	112.79544233333333	14.7
-7.3176445	112.79544633333333	14.7
-7.317674333333334	112.79545033333333	14.7
-7.317704833333333	112.795455	14.6
-7.317704833333333	112.795455	14.6
-7.317704833333333	112.795455	14.6
-7.317736	112.795461	14.6
-7.317736	112.795461	14.6
-7.317767833333333	112.79546683333334	14.4
-7.317767833333333	112.79546683333334	14.4
-7.317767833333333	112.79546683333334	14.4
-7.317767833333333	112.79546683333334	14.4
-7.3178	112.79547266666667	14.4
-7.3178	112.79547266666667	14.4
-7.3178	112.79547266666667	14.4
-7.3178	112.79547266666667	14.4
-7.3178331666666665	112.79547733333334	14.4
-7.3178331666666665	112.79547733333334	14.4
-7.317866833333333	112.79548183333333	14.2
-7.317866833333333	112.79548183333333	14.2
-7.317866833333333	112.79548183333333	14.2
-7.317866833333333	112.79548183333333	14.2
-7.317900666666667	112.79548633333333	14.1
-7.317900666666667	112.79548633333333	14.1
-7.317900666666667	112.79548633333333	14.1
-7.3179335	112.79549083333333	14.1
-7.3179335	112.79549083333333	14.1
-7.3179335	112.79549083333333	14.1
-7.317964833333333	112.79549583333333	13.9
-7.317964833333333	112.79549583333333	13.9
-7.317964833333333	112.79549583333333	13.9
-7.317995166666667	112.79550133333333	13.8
-7.317995166666667	112.79550133333333	13.8
-7.317995166666667	112.79550133333333	13.8
-7.317995166666667	112.79550133333333	13.8
-7.318025666666666	112.79550516666667	13.7
-7.318025666666666	112.79550516666667	13.7
-7.318025666666666	112.79550516666667	13.7
-7.318055833333333	112.7955095	13.6
-7.318055833333333	112.7955095	13.6
-7.318055833333333	112.7955095	13.6
-7.318085333333333	112.795515	13.4
-7.318085333333333	112.795515	13.4
-7.318111	112.79552066666666	13.4
-7.318111	112.79552066666666	13.4
-7.318111	112.79552066666666	13.4
-7.318111	112.79552066666666	13.4
-7.318131166666666	112.7955255	13.3
-7.318131166666666	112.7955255	13.3
-7.318131166666666	112.7955255	13.3
-7.318131166666666	112.7955255	13.3
-7.318148	112.79552966666667	13.3
-7.318163333333334	112.7955325	13.5
-7.318163333333334	112.7955325	13.5
-7.3181788333333335	112.7955355	13.4
-7.3181788333333335	112.7955355	13.4
-7.3181788333333335	112.7955355	13.4
-7.318195333333334	112.79553783333333	13.4
-7.318195333333334	112.79553783333333	13.4
-7.318195333333334	112.79553783333333	13.4
-7.3182135	112.7955395	13.5
-7.3182135	112.7955395	13.5
-7.3182331666666665	112.79554116666667	13.3
-7.3182331666666665	112.79554116666667	13.3
-7.318254333333333	112.795543	13.2
-7.318254333333333	112.795543	13.2
-7.318254333333333	112.795543	13.2
-7.318254333333333	112.795543	13.2
-7.318254333333333	112.795543	13.2
-7.318277666666667	112.79554533333334	13.2
-7.318277666666667	112.79554533333334	13.2
-7.318277666666667	112.79554533333334	13.2
-7.318277666666667	112.79554533333334	13.2
-7.3183031666666665	112.79554883333333	13.1
-7.3183031666666665	112.79554883333333	13.1
-7.3183031666666665	112.79554883333333	13.1
-7.3183031666666665	112.79554883333333	13.1
-7.3183031666666665	112.79554883333333	13.1
-7.318331333333333	112.79555233333333	13.1
-7.318331333333333	112.79555233333333	13.1
-7.318331333333333	112.79555233333333	13.1
-7.318361166666667	112.795558	13.1
-7.318361166666667	112.795558	13.1
-7.318361166666667	112.795558	13.1
-7.318392333333334	112.79556466666666	13.0
-7.318392333333334	112.79556466666666	13.0
-7.318392333333334	112.79556466666666	13.0
-7.318392333333334	112.79556466666666	13.0
-7.3184241666666665	112.79557116666666	13.1
-7.3184241666666665	112.79557116666666	13.1
-7.3184241666666665	112.79557116666666	13.1
-7.318456666666667	112.79557733333333	13.0
-7.318456666666667	112.79557733333333	13.0
-7.318456666666667	112.79557733333333	13.0
-7.318489333333333	112.7955825	13.2
-7.318489333333333	112.7955825	13.2
-7.318489333333333	112.7955825	13.2
-7.318522	112.79558683333333	13.2
-7.318522	112.79558683333333	13.2
-7.318522	112.79558683333333	13.2
-7.318555333333333	112.79558983333334	13.2
-7.318555333333333	112.79558983333334	13.2
-7.318555333333333	112.79558983333334	13.2
-7.318555333333333	112.79558983333334	13.2
-7.318589333333334	112.79559333333333	13.2
-7.318589333333334	112.79559333333333	13.2
-7.318589333333334	112.79559333333333	13.2
-7.318589333333334	112.79559333333333	13.2
-7.318624	112.79559583333334	13.2
-7.318624	112.79559583333334	13.2
-7.318624	112.79559583333334	13.2
-7.318658166666666	112.795599	13.1
-7.318658166666666	112.795599	13.1
-7.318658166666666	112.795599	13.1
-7.318690833333333	112.7956025	13.1
-7.318690833333333	112.7956025	13.1
-7.318690833333333	112.7956025	13.1
-7.318721833333333	112.79560666666667	13.1
-7.318721833333333	112.79560666666667	13.1
-7.318752333333333	112.79561183333334	13.1
-7.318752333333333	112.79561183333334	13.1
-7.3187805	112.7956155	13.2
-7.3187805	112.7956155	13.2
-7.3187805	112.7956155	13.2
-7.3187805	112.7956155	13.2
-7.3188051666666665	112.79562	13.1
-7.3188051666666665	112.79562	13.1
-7.3188051666666665	112.79562	13.1
-7.318826333333333	112.7956245	13.1
-7.318826333333333	112.7956245	13.1
-7.318826333333333	112.7956245	13.1
-7.318845166666667	112.795628	13.1
-7.318845166666667	112.795628	13.1
-7.318845166666667	112.795628	13.1
-7.318845166666667	112.795628	13.1
-7.3188605	112.79562966666667	13.2
-7.3188605	112.79562966666667	13.2
-7.3188605	112.79562966666667	13.2
-7.3188605	112.79562966666667	13.2
-7.318873166666667	112.7956315	13.3
-7.318873166666667	112.7956315	13.3
-7.318873166666667	112.7956315	13.3
-7.318885	112.79563383333333	13.2
-7.318885	112.79563383333333	13.2
-7.318885	112.79563383333333	13.2
-7.318885	112.79563383333333	13.2
-7.318897	112.79563533333334	13.2
-7.318897	112.79563533333334	13.2
-7.318897	112.79563533333334	13.2
-7.318897	112.79563533333334	13.2
-7.318909833333334	112.7956355	13.3
-7.318909833333334	112.7956355	13.3
-7.318922166666667	112.79563283333333	13.3
-7.318922166666667	112.79563283333333	13.3
-7.318922166666667	112.79563283333333	13.3
-7.3189345	112.795628	13.3
-7.3189345	112.795628	13.3
-7.3189345	112.795628	13.3
-7.3189345	112.795628	13.3
-7.318947	112.79561966666667	13.1
-7.318947	112.79561966666667	13.1
-7.318947	112.79561966666667	13.1
-7.318959	112.79560916666667	13.0
-7.318959	112.79560916666667	13.0
-7.318969833333333	112.795595	12.8
-7.318969833333333	112.795595	12.8
-7.318969833333333	112.795595	12.8
-7.31898	112.795579	12.8
-7.31898	112.795579	12.8
-7.318988666666667	112.79555966666666	13.0
-7.318988666666667	112.79555966666666	13.0
-7.318988666666667	112.79555966666666	13.0
-7.318988666666667	112.79555966666666	13.0
-7.3189961666666665	112.79553766666666	13.0
-7.3189961666666665	112.79553766666666	13.0
-7.3189961666666665	112.79553766666666	13.0
-7.319003833333333	112.79551366666666	13.3
-7.319003833333333	112.79551366666666	13.3
-7.319003833333333	112.79551366666666	13.3
-7.3190095	112.79548733333333	13.4
-7.3190095	112.79548733333333	13.4
-7.3190095	112.79548733333333	13.4
-7.3190165	112.79546016666667	13.6
-7.3190165	112.79546016666667	13.6
-7.3190165	112.79546016666667	13.6
-7.3190165	112.79546016666667	13.6
-7.319024166666667	112.79543483333333	13.9
-7.319024166666667	112.79543483333333	13.9
-7.319024166666667	112.79543483333333	13.9
-7.319031333333333	112.7954105	13.9
-7.319031333333333	112.7954105	13.9
-7.319031333333333	112.7954105	13.9
-7.319031333333333	112.7954105	13.9
-7.319037833333334	112.79538783333334	14.1
-7.319037833333334	112.79538783333334	14.1
-7.319037833333334	112.79538783333334	14.1
-7.319044333333333	112.79536533333334	14.3
-7.319044333333333	112.79536533333334	14.3
-7.319048333333333	112.7953435	14.3
-7.319048333333333	112.7953435	14.3
-7.319047666666667	112.7953225	14.2
-7.319047666666667	112.7953225	14.2
-7.319047666666667	112.7953225	14.2
-7.3190428333333335	112.79530266666667	14.4
-7.3190315	112.79528466666666	14.3
-7.3190315	112.79528466666666	14.3
-7.319015833333333	112.7952705	14.5
-7.319015833333333	112.7952705	14.5
-7.318996	112.79526083333333	14.5
-7.318996	112.79526083333333	14.5
-7.318996	112.79526083333333	14.5
-7.3189735	112.79525516666666	14.5
-7.3189735	112.79525516666666	14.5
-7.3189735	112.79525516666666	14.5
-7.318949166666667	112.79525133333334	14.6
-7.318949166666667	112.79525133333334	14.6
-7.318922333333333	112.79524816666667	14.6
-7.318893666666667	112.795244	14.5
-7.318893666666667	112.795244	14.5
-7.318893666666667	112.795244	14.5
-7.318893666666667	112.795244	14.5
-7.318863833333333	112.79523733333333	14.4
-7.318863833333333	112.79523733333333	14.4
-7.318833333333333	112.79523083333333	14.4
-7.318833333333333	112.79523083333333	14.4
-7.318833333333333	112.79523083333333	14.4
-7.318833333333333	112.79523083333333	14.4
-7.318800666666666	112.795225	14.4
-7.318800666666666	112.795225	14.4
-7.318800666666666	112.795225	14.4
-7.3187665	112.79521933333334	14.4
-7.3187665	112.79521933333334	14.4
-7.3187665	112.79521933333334	14.4
-7.3187665	112.79521933333334	14.4
-7.318732	112.7952145	14.3
-7.318732	112.7952145	14.3
-7.318732	112.7952145	14.3
-7.318732	112.7952145	14.3
-7.3186955	112.79521033333333	14.1
-7.3186955	112.79521033333333	14.1
-7.318658	112.79520516666666	13.9
-7.3186211666666665	112.79520049999999	13.8
-7.3186211666666665	112.79520049999999	13.8
-7.3186211666666665	112.79520049999999	13.8
-7.3186211666666665	112.79520049999999	13.8
-7.3186211666666665	112.79520049999999	13.8
-7.318584666666666	112.79519383333333	13.6
-7.318584666666666	112.79519383333333	13.6
-7.318584666666666	112.79519383333333	13.6
-7.3185485	112.79518716666666	13.5
-7.3185485	112.79518716666666	13.5
-7.3185485	112.79518716666666	13.5
-7.318511666666667	112.79517966666667	13.4
-7.318511666666667	112.79517966666667	13.4
-7.318474666666667	112.79517216666666	13.2
-7.318437833333333	112.79516633333333	13.2
-7.318437833333333	112.79516633333333	13.2
-7.318402666666667	112.79516183333334	13.1
-7.318402666666667	112.79516183333334	13.1
-7.318367833333333	112.79515833333333	12.9
-7.318367833333333	112.79515833333333	12.9
-7.318367833333333	112.79515833333333	12.9
-7.318367833333333	112.79515833333333	12.9
-7.318333833333333	112.79515283333333	12.9
-7.318333833333333	112.79515283333333	12.9
-7.318333833333333	112.79515283333333	12.9
-7.318300166666667	112.79514633333334	12.7
-7.318300166666667	112.79514633333334	12.7
-7.318300166666667	112.79514633333334	12.7
-7.318300166666667	112.79514633333334	12.7
-7.318266666666666	112.7951415	12.7
-7.318266666666666	112.7951415	12.7
-7.318266666666666	112.7951415	12.7
-7.318232833333333	112.79514066666667	12.9
-7.318232833333333	112.79514066666667	12.9
-7.318232833333333	112.79514066666667	12.9
-7.318232833333333	112.79514066666667	12.9
-7.3181995	112.7951385	12.7
-7.3181995	112.7951385	12.7
-7.3181995	112.7951385	12.7
-7.3181655	112.79513633333333	12.7
-7.3181655	112.79513633333333	12.7
-7.3181655	112.79513633333333	12.7
-7.318131833333333	112.7951335	12.5
-7.318131833333333	112.7951335	12.5
-7.318131833333333	112.7951335	12.5
-7.318098833333333	112.7951285	12.3
-7.318098833333333	112.7951285	12.3
-7.318098833333333	112.7951285	12.3
-7.318098833333333	112.7951285	12.3
-7.318066	112.79512416666667	12.3
-7.318066	112.79512416666667	12.3
-7.318066	112.79512416666667	12.3
-7.3180335	112.79511916666667	12.1
-7.3180335	112.79511916666667	12.1
-7.3180335	112.79511916666667	12.1
-7.3180016666666665	112.79511366666667	12.1
-7.3180016666666665	112.79511366666667	12.1
-7.3180016666666665	112.79511366666667	12.1
-7.3180016666666665	112.79511366666667	12.1
-7.3180016666666665	112.79511366666667	12.1
-7.31797	112.79510833333333	12.2
-7.31797	112.79510833333333	12.2
-7.31797	112.79510833333333	12.2
-7.3179395	112.79510316666666	12.0
-7.3179395	112.79510316666666	12.0
-7.3179395	112.79510316666666	12.0
-7.3179395	112.79510316666666	12.0
-7.3179095	112.79509916666666	12.2
-7.3179095	112.79509916666666	12.2
-7.3179095	112.79509916666666	12.2
-7.3179095	112.79509916666666	12.2
-7.3178795	112.79509466666667	12.1
-7.3178795	112.79509466666667	12.1
-7.3178795	112.79509466666667	12.1
-7.3178795	112.79509466666667	12.1
-7.317848833333334	112.79508916666667	12.0
-7.317848833333334	112.79508916666667	12.0
-7.317848833333334	112.79508916666667	12.0
-7.317848833333334	112.79508916666667	12.0
-7.317848833333334	112.79508916666667	12.0
-7.317818166666667	112.795084	12.1
-7.317818166666667	112.795084	12.1
-7.317818166666667	112.795084	12.1
-7.317787	112.7950785	11.9
-7.317787	112.7950785	11.9
-7.317787	112.7950785	11.9
-7.317787	112.7950785	11.9
-7.317755833333333	112.79507416666667	12.1
-7.317755833333333	112.79507416666667	12.1
-7.317755833333333	112.79507416666667	12.1
-7.3177243333333335	112.7950705	11.9
-7.3177243333333335	112.7950705	11.9
-7.3177243333333335	112.7950705	11.9
-7.3177243333333335	112.7950705	11.9
-7.317693833333333	112.79506583333334	11.8
-7.317693833333333	112.79506583333334	11.8
-7.317693833333333	112.79506583333334	11.8
-7.317664833333334	112.79506133333334	11.9
-7.317664833333334	112.79506133333334	11.9
-7.317664833333334	112.79506133333334	11.9
-7.317635833333333	112.795057	11.9
-7.317635833333333	112.795057	11.9
-7.317635833333333	112.795057	11.9
-7.317635833333333	112.795057	11.9
-7.3176065	112.795053	12.0
-7.3176065	112.795053	12.0
-7.3176065	112.795053	12.0
-7.3176065	112.795053	12.0
-7.317577	112.79504850000001	11.9
-7.317577	112.79504850000001	11.9
-7.317577	112.79504850000001	11.9
-7.317577	112.79504850000001	11.9
-7.317577	112.79504850000001	11.9
-7.3175475	112.7950435	11.8
-7.3175475	112.7950435	11.8
-7.3175475	112.7950435	11.8
-7.3175475	112.7950435	11.8
-7.317518166666667	112.79503783333334	11.8
-7.317518166666667	112.79503783333334	11.8
-7.317518166666667	112.79503783333334	11.8
-7.317518166666667	112.79503783333334	11.8
-7.317488833333333	112.79503266666667	11.7
-7.317488833333333	112.79503266666667	11.7
-7.317488833333333	112.79503266666667	11.7
-7.3174595	112.79502666666667	11.7
-7.3173985	112.795016	11.6
-7.3173985	112.795016	11.6
-7.3173985	112.795016	11.6
-7.317367333333333	112.79501116666667	11.6
-7.317367333333333	112.79501116666667	11.6
-7.317367333333333	112.79501116666667	11.6
-7.317337333333334	112.7950075	11.6
-7.317337333333334	112.7950075	11.6
-7.317337333333334	112.7950075	11.6
-7.317337333333334	112.7950075	11.6
-7.31731	112.79500383333334	11.4
-7.31731	112.79500383333334	11.4
-7.317284666666667	112.79500083333333	11.4
-7.317284666666667	112.79500083333333	11.4
-7.3172611666666665	112.79499766666666	11.5
-7.3172611666666665	112.79499766666666	11.5
-7.3172611666666665	112.79499766666666	11.5
-7.3172611666666665	112.79499766666666	11.5
-7.3172395	112.79499416666667	11.3
-7.3172395	112.79499416666667	11.3
-7.3172395	112.79499416666667	11.3
-7.3172395	112.79499416666667	11.3
-7.317219166666667	112.794991	11.2
-7.317219166666667	112.794991	11.2
-7.317219166666667	112.794991	11.2
-7.317198	112.79498783333334	11.2
-7.317198	112.79498783333334	11.2
-7.317198	112.79498783333334	11.2
-7.3171765	112.79498383333333	11.0
-7.3171765	112.79498383333333	11.0
-7.3171765	112.79498383333333	11.0
-7.3171765	112.79498383333333	11.0
-7.3171535	112.79497983333333	11.0
-7.3171535	112.79497983333333	11.0
-7.3171535	112.79497983333333	11.0
-7.3171535	112.79497983333333	11.0
-7.3171535	112.79497983333333	11.0
-7.317128833333333	112.79497516666666	11.0
-7.317128833333333	112.79497516666666	11.0
-7.317128833333333	112.79497516666666	11.0
-7.317128833333333	112.79497516666666	11.0
-7.317128833333333	112.79497516666666	11.0
-7.317103833333333	112.79496983333334	10.9
-7.317077666666667	112.7949655	11.0
-7.317077666666667	112.7949655	11.0
-7.317077666666667	112.7949655	11.0
-7.317077666666667	112.7949655	11.0
-7.3170505	112.79496116666667	11.0
-7.3170505	112.79496116666667	11.0
-7.3170505	112.79496116666667	11.0
-7.3170505	112.79496116666667	11.0
-7.3170218333333334	112.79495616666667	11.0
-7.3170218333333334	112.79495616666667	11.0
-7.3170218333333334	112.79495616666667	11.0
-7.3170218333333334	112.79495616666667	11.0
-7.316991666666667	112.79495066666667	10.8
-7.316991666666667	112.79495066666667	10.8
-7.316991666666667	112.79495066666667	10.8
-7.316991666666667	112.79495066666667	10.8
-7.316960333333333	112.794946	10.7
-7.316960333333333	112.794946	10.7
-7.316960333333333	112.794946	10.7
-7.316928333333333	112.79494	10.6
-7.316928333333333	112.79494	10.6
-7.316895833333334	112.7949355	10.7
-7.316895833333334	112.7949355	10.7
-7.316863	112.79493033333333	10.7
-7.316863	112.79493033333333	10.7
-7.316863	112.79493033333333	10.7
-7.316829833333333	112.79492633333334	10.6
-7.316829833333333	112.79492633333334	10.6
-7.316829833333333	112.79492633333334	10.6
-7.316796833333333	112.794922	10.6
-7.316796833333333	112.794922	10.6
-7.316796833333333	112.794922	10.6
-7.316764333333333	112.79491683333333	10.2
-7.316764333333333	112.79491683333333	10.2
-7.316732333333333	112.79490816666667	10.0
-7.316732333333333	112.79490816666667	10.0
-7.316732333333333	112.79490816666667	10.0
-7.316700166666666	112.794901	10.0
-7.316700166666666	112.794901	10.0
-7.316700166666666	112.794901	10.0
-7.316700166666666	112.794901	10.0
-7.316667833333334	112.794895	9.8.
-7.316667833333334	112.794895	9.8.
-7.316667833333334	112.794895	9.8.
-7.316667833333334	112.794895	9.8.
-7.316635166666667	112.7948885	9.5.
-7.316635166666667	112.7948885	9.5.
-7.316635166666667	112.7948885	9.5.
-7.316635166666667	112.7948885	9.5.
-7.316635166666667	112.7948885	9.5.
-7.316601666666666	112.79488316666666	9.4.
-7.316601666666666	112.79488316666666	9.4.
-7.316601666666666	112.79488316666666	9.4.
-7.316601666666666	112.79488316666666	9.4.
-7.316568333333334	112.794878	9.2.
-7.316568333333334	112.794878	9.2.
-7.316568333333334	112.794878	9.2.
-7.316535333333333	112.79487266666666	9.0.
-7.316535333333333	112.79487266666666	9.0.
-7.316535333333333	112.79487266666666	9.0.
-7.316535333333333	112.79487266666666	9.0.
-7.316501833333334	112.794868	8.8.
-7.316501833333334	112.794868	8.8.
-7.316501833333334	112.794868	8.8.
-7.316467833333333	112.7948625	9.0.
-7.316467833333333	112.7948625	9.0.
-7.316434	112.79485766666667	8.8.
-7.316434	112.79485766666667	8.8.
-7.316434	112.79485766666667	8.8.
-7.316434	112.79485766666667	8.8.
-7.316434	112.79485766666667	8.8.
-7.316400166666667	112.79485133333333	8.7.
-7.316400166666667	112.79485133333333	8.7.
-7.316365666666667	112.79484666666667	8.5.
-7.316365666666667	112.79484666666667	8.5.
-7.316365666666667	112.79484666666667	8.5.
-7.3163305	112.794842	8.5.
-7.3163305	112.794842	8.5.
-7.3163305	112.794842	8.5.
-7.3163305	112.794842	8.5.
-7.316295	112.79483583333334	8.4.
-7.316295	112.79483583333334	8.4.
-7.316295	112.79483583333334	8.4.
-7.316295	112.79483583333334	8.4.
-7.316295	112.79483583333334	8.4.
-7.316258666666666	112.7948305	8.5.
-7.316222333333333	112.794826	8.6.
-7.316222333333333	112.794826	8.6.
-7.316222333333333	112.794826	8.6.
-7.316222333333333	112.794826	8.6.
-7.3161871666666665	112.79482183333333	8.7.
-7.3161871666666665	112.79482183333333	8.7.
-7.3161871666666665	112.79482183333333	8.7.
-7.316154333333333	112.79481716666666	8.8.
-7.316154333333333	112.79481716666666	8.8.
-7.316154333333333	112.79481716666666	8.8.
-7.316154333333333	112.79481716666666	8.8.
-7.316154333333333	112.79481716666666	8.8.
-7.3161241666666665	112.79481116666666	9.0.
-7.3161241666666665	112.79481116666666	9.0.
-7.3161241666666665	112.79481116666666	9.0.
-7.3160948333333335	112.79480533333333	9.2.
-7.3160948333333335	112.79480533333333	9.2.
-7.3160948333333335	112.79480533333333	9.2.
-7.3160948333333335	112.79480533333333	9.2.
-7.316065333333333	112.79479916666666	9.2.
-7.316065333333333	112.79479916666666	9.2.
-7.316065333333333	112.79479916666666	9.2.
-7.316065333333333	112.79479916666666	9.2.
-7.3160365	112.79479066666667	9.2.
-7.3160365	112.79479066666667	9.2.
-7.3160365	112.79479066666667	9.2.
-7.3160365	112.79479066666667	9.2.
-7.316006333333333	112.79478583333334	9.3.
-7.316006333333333	112.79478583333334	9.3.
-7.316006333333333	112.79478583333334	9.3.
-7.316006333333333	112.79478583333334	9.3.
-7.315977833333333	112.79477916666667	9.3.
-7.315977833333333	112.79477916666667	9.3.
-7.315977833333333	112.79477916666667	9.3.
-7.315977833333333	112.79477916666667	9.3.
-7.315950166666667	112.79477566666667	9.4.
